%YAML:1.0
---
model_type: PINHOLE
camera_name: camera_left
image_width: 1936
image_height: 1216
distortion_parameters:
   k1: 0
   k2: 0
   p1: 0
   p2: 0
projection_parameters:
   fx: 2908.62123
   fy: 2908.62123
   cx: 1197.73885
   cy: 622.30028
