%YAML:1.0
---
transform:
   q_x: -3.3802461272839668e-01
   q_y: -3.1544632693128527e-01
   q_z: 5.3500745416804985e-01
   q_w: 7.0710678118654757e-01
   t_x: -721.54835
   t_y: 0
   t_z: 0
   r_00: 0.99693844
   r_01: 0.02797677
   r_02: -0.07301396
   r_10: -0.02811213
   r_11: 0.99960443
   r_12: -0.00082664
   r_20: 0.07296195
   r_21:  0.00287669
   r_22: 0.99733058
