%YAML:1.0
---
transform:
   q_x: -3.3802461272839668e-01
   q_y: -3.1544632693128527e-01
   q_z: 5.3500745416804985e-01
   q_w: 7.0710678118654757e-01
   t_x: -5.4673785434808365e-02
   t_y: -1.2408986201161332e-04
   t_z: -2.2726025093513442e-04
   r_00: 0.9999887856489997
   r_01: 0.0022696154919358328
   r_02: 0.00415661181225335
   r_10: -0.002250534680933071
   r_11: 0.9999869361155794
   r_12: -0.004589410836464469
   r_20: -0.004166973708690375
   r_21:  0.00458000477016179
   r_22: 0.9999808297594591
